block_seq_num,block_var_num,block_route_num,block_run_num
5622283,1,36,13
5622315,1,2,13
5622321,1,70,1
5622322,1,44,1
5622375,1,70,2
5622376,1,70,3
5622377,1,70,5
5622378,1,70,6
5622379,1,70,7
5622380,1,70,8
5622381,1,70,9
5622382,1,70,10
5622386,1,70,17
5622387,1,70,4
5622388,1,70,21
5622389,1,70,22
5622390,1,70,11
5622391,1,70,15
5622392,1,70,19
5622394,1,70,16
5622395,1,70,20
5622396,1,675,12
5622397,1,675,15
5622398,1,675,1
5622399,1,675,2
5622400,1,675,4
5622401,1,675,5
5622402,1,675,10
5622403,1,675,14
5622404,1,675,16
5622405,1,675,18
5622406,1,675,20
5622407,1,675,22
5622408,1,675,23
5622409,1,675,25
5622410,1,675,26
5622411,1,675,27
5622412,1,675,29
5622413,1,675,33
5622414,1,675,37
5622415,1,675,40
5622416,1,675,42
5622417,1,675,45
5622418,1,675,3
5622419,1,675,17
5622420,1,675,34
5622461,1,675,6
5622462,1,675,8
5622463,1,675,13
5622464,1,675,19
5622465,1,675,7
5622466,1,675,11
5622467,1,675,32
5622468,1,675,9
5622469,1,675,21
5622470,1,675,24
5622471,1,675,41
5622472,1,675,31
5622473,1,675,44
5622474,1,675,47
5622475,1,675,35
5622476,1,675,36
5622477,1,675,39
5622478,1,675,30
5622479,1,675,43
5622480,1,675,38
5622481,1,675,28
5622482,1,675,46
5622483,1,674,30
5622484,1,674,1
5622485,1,674,2
5622486,1,674,3
5622487,1,674,4
5622488,1,674,5
5622489,1,674,6
5622490,1,674,7
5622491,1,674,8
5622492,1,674,9
5622493,1,674,10
5622494,1,674,11
5622495,1,674,12
5622496,1,674,13
5622497,1,674,14
5622498,1,674,15
5622499,1,674,16
5622500,1,674,17
5622501,1,674,18
5622502,1,674,19
5622503,1,674,20
5622504,1,674,21
5622505,1,674,22
5622506,1,674,23
5622507,1,674,24
5622508,1,674,25
5622509,1,674,26
5622510,1,674,27
5622511,1,674,29
5622512,1,673,48
5622513,1,673,1
5622514,1,673,2
5622515,1,673,4
5622516,1,673,5
5622517,1,673,6
5622518,1,673,7
5622519,1,673,8
5622520,1,673,9
5622521,1,673,10
5622522,1,673,11
5622523,1,673,12
5622524,1,673,13
5622525,1,673,15
5622526,1,673,16
5622527,1,673,17
5622528,1,673,18
5622529,1,673,19
5622530,1,673,20
5622531,1,673,21
5622532,1,673,22
5622533,1,673,23
5622534,1,673,24
5622535,1,673,25
5622536,1,673,26
5622537,1,673,27
5622538,1,673,28
5622539,1,673,30
5622540,1,673,31
5622541,1,673,33
5622542,1,673,34
5622543,1,673,35
5622544,1,673,36
5622545,1,673,37
5622546,1,673,38
5622547,1,673,40
5622548,1,673,41
5622549,1,673,42
5622550,1,673,43
5622551,1,673,44
5622552,1,673,45
5622553,1,673,46
5622554,1,673,47
5622555,1,673,3
5622556,1,673,14
5622557,1,673,29
5622558,1,673,39
5622563,1,70,23
5622565,1,673,32
5622566,1,674,28
5622567,1,70,12
5622568,1,70,13
5622569,1,70,14
5622570,1,70,18
5622575,1,47,1
5622614,1,10,1
5622615,1,10,2
5622616,1,10,3
5622617,1,10,4
5622623,1,2,5
5622625,1,2,8
5622633,1,3,7
5622634,1,3,8
5622635,1,3,9
5622636,1,3,6
5622637,1,3,5
5622638,1,3,3
5622639,1,3,2
5622640,1,3,1
5622641,1,3,4
5622642,1,3,10
5622645,1,2,7
5622654,1,673,1
5622655,1,673,2
5622656,1,673,3
5622657,1,673,4
5622658,1,673,5
5622659,1,673,6
5622660,1,673,7
5622661,1,673,8
5622662,1,673,9
5622663,1,673,10
5622664,1,673,11
5622665,1,673,12
5622666,1,673,13
5622667,1,673,14
5622668,1,674,1
5622669,1,674,2
5622670,1,674,3
5622671,1,674,4
5622672,1,674,5
5622673,1,674,6
5622674,1,674,7
5622675,1,674,8
5622676,1,674,9
5622677,1,674,10
5622678,1,674,11
5622679,1,674,12
5622680,1,674,13
5622684,1,675,2
5622685,1,675,3
5622690,1,675,8
5622691,1,675,9
5622693,1,675,11
5622695,1,675,13
5622696,1,675,14
5622698,1,673,16
5622700,1,47,1
5622707,1,7,6
5622716,1,7,15
5622721,1,7,20
5622761,1,673,1
5622762,1,673,2
5622763,1,673,3
5622764,1,673,4
5622765,1,673,5
5622766,1,673,6
5622767,1,673,7
5622768,1,673,8
5622769,1,673,9
5622770,1,673,10
5622771,1,673,11
5622773,1,673,12
5622775,1,674,1
5622776,1,674,2
5622777,1,674,3
5622778,1,674,4
5622779,1,674,5
5622780,1,674,6
5622781,1,674,7
5622782,1,674,8
5622783,1,674,9
5622791,1,675,12
5622817,1,5,2
5622818,1,5,3
5622819,1,5,4
5622820,1,5,5
5622821,1,5,6
5622822,1,5,7
5622823,1,5,8
5622824,1,5,9
5622825,1,5,10
5622826,1,5,11
5622827,1,5,12
5622828,1,5,13
5622829,1,5,14
5622830,1,5,17
5622831,1,5,21
5622832,1,5,22
5622833,1,5,23
5622853,1,5,1
5622862,1,5,15
5622863,1,5,18
5622864,1,5,19
5622865,1,5,16
5622866,1,5,20
5622890,1,5,2
5622891,1,5,3
5622892,1,5,4
5622893,1,5,5
5622894,1,5,6
5622895,1,5,7
5622896,1,5,8
5622897,1,5,9
5622898,1,5,10
5622899,1,5,11
5622900,1,5,12
5622901,1,5,13
5622902,1,5,14
5622903,1,5,15
5622904,1,5,16
5622905,1,5,17
5622906,1,5,18
5622907,1,5,19
5622908,1,5,20
5622909,1,5,23
5622910,1,5,22
5622911,1,5,24
5622917,1,5,1
5622919,1,5,21
5622968,1,5,8
5622969,1,5,2
5622970,1,5,4
5622971,1,5,11
5622972,1,5,10
5622973,1,5,3
5622974,1,5,18
5622975,1,5,6
5622976,1,5,14
5622988,1,214,16
5622993,1,57,9
5622997,1,5,17
5623007,1,56,10
5623017,1,5,38
5623018,1,5,34
5623021,1,57,8
5623035,1,5,35
5623036,1,5,40
5623048,1,214,11
5623052,1,5,32
5623058,1,5,36
5623072,1,5,43
5623074,1,5,22
5623077,1,5,26
5623085,1,5,1
5623088,1,5,33
5623104,1,5,30
5623113,1,5,39
5623114,1,5,37
5623117,1,5,13
5623131,1,74,5
5623132,1,74,7
5623165,1,40,15
5623168,1,5,21
5623176,1,5,27
5623177,1,5,20
5623178,1,5,16
5623183,1,40,1
5623185,1,40,36
5623194,1,40,7
5623195,1,40,13
5623196,1,60,5
5623198,1,40,34
5623199,1,40,11
5623205,1,40,43
5623206,1,40,16
5623215,1,994,2
5623217,1,40,31
5623219,1,40,38
5623230,1,5,41
5623231,1,40,44
5623236,1,5,9
5623237,1,56,11
5623238,1,40,47
5623242,1,5,42
5623244,1,74,1
5623245,1,74,2
5623246,1,74,3
5623247,1,74,4
5623248,1,74,6
5623249,1,74,8
5623250,1,74,9
5623259,1,74,10
5623260,1,5,28
5623262,1,5,29
5623264,1,5,31
5623814,1,673,13
5623815,1,673,14
5623816,1,674,10
5623817,1,674,11
5623818,1,674,14
5623819,1,674,15
5623820,1,673,15
5625438,1,599,7
5625439,1,599,12
5625440,1,599,1
5625441,1,599,9
5625442,1,599,8
5625443,1,599,2
5625444,1,599,4
5625445,1,599,10
5625446,1,599,5
5625447,1,599,6
5625448,1,599,3
5625449,1,599,11
5625450,1,599,1
5625451,1,599,6
5625452,1,599,2
5625453,1,599,7
5625454,1,599,8
5625455,1,599,4
5625456,1,599,9
5625457,1,599,5
5625458,1,599,10
5625459,1,599,12
5625460,1,599,3
5625461,1,599,11
5625462,1,599,41
5625463,1,599,2
5625464,1,599,1
5625465,1,599,6
5625466,1,599,7
5625467,1,599,42
5625468,1,599,9
5625469,1,599,4
5625470,1,599,10
5625471,1,599,44
5625472,1,599,45
5625473,1,599,8
5625474,1,599,46
5625475,1,599,3
5625476,1,599,11
5625477,1,599,12
5625478,1,599,47
5625479,1,599,51
5625480,1,599,54
5625481,1,599,52
5625482,1,599,55
5625483,1,599,56
5625484,1,599,53
5625485,1,599,57
5625486,1,599,43
5625487,1,599,5
5625639,1,225,1
5625640,1,225,2
5625641,1,225,3
5625642,1,250,1
5625643,1,250,2
5625644,1,250,3
5625645,1,250,4
5625646,1,230,1
5625647,1,230,2
5625648,1,230,3
5625649,1,239,1
5625650,1,239,2
5625651,1,239,3
5625652,1,239,4
5625653,1,250,5
5625681,1,225,1
5625682,1,225,2
5625683,1,225,3
5625684,1,250,1
5625685,1,250,2
5625686,1,250,3
5625687,1,250,4
5625688,1,230,1
5625689,1,230,2
5625690,1,230,3
5625691,1,239,1
5625692,1,239,2
5625693,1,239,3
5625694,1,239,4
5625695,1,250,5
5625699,1,221,3
5625700,1,232,2
5625707,1,232,1
5625718,1,232,3
5625755,1,887,1
5625807,1,225,2
5625808,1,225,1
5625809,1,225,3
5625810,1,225,4
5625811,1,225,5
5625812,1,225,7
5625813,1,225,6
5625814,1,250,1
5625815,1,250,2
5625816,1,250,3
5625817,1,250,4
5625818,1,250,5
5625819,1,250,6
5625820,1,250,7
5625821,1,250,8
5625822,1,250,11
5625823,1,250,12
5625824,1,239,1
5625825,1,239,2
5625826,1,239,3
5625827,1,239,4
5625828,1,250,9
5625829,1,250,10
5625830,1,230,3
5625831,1,230,5
5625832,1,230,6
5625833,1,230,8
5625834,1,230,1
5625835,1,893,1
5625836,1,230,2
5625837,1,230,7
5625838,1,230,9
5625840,1,230,4
5625850,1,255,1
5625851,1,255,2
5625852,1,255,3
5625853,1,255,4
5625854,1,255,5
5625855,1,255,6
5625856,1,255,7
5625857,1,255,8
5625858,1,255,9
5625898,1,255,1
5625899,1,255,3
5625900,1,255,2
5625901,1,255,4
5625902,1,255,5
5625903,1,255,6
5625904,1,255,7
5625905,1,255,8
5625906,1,255,9
5625941,1,255,7
5625973,1,255,19
5626018,1,895,1
5626065,1,255,1
5626066,1,255,2
5626067,1,255,3
5626068,1,255,23
5626069,1,255,4
5626070,1,255,5
5626071,1,255,6
5626072,1,255,8
5626073,1,255,9
5626074,1,255,10
5626075,1,255,25
5626076,1,255,11
5626077,1,255,21
5626078,1,255,12
5626079,1,255,13
5626080,1,255,20
5626081,1,255,14
5626082,1,255,16
5626083,1,255,17
5626084,1,255,22
5626085,1,255,18
5626086,1,255,26
5626087,1,255,24
5626232,1,255,15
5626240,1,271,35
5626242,1,541,1
5626243,1,541,5
5626244,1,541,2
5626245,1,541,9
5626246,1,541,3
5626247,1,541,6
5626248,1,541,4
5626249,1,541,7
5626250,1,541,8
5630438,1,182,3
5630455,1,182,2
5630477,1,182,1
5630499,1,182,5
5630500,1,182,4
5630698,1,182,6
5630708,1,116,5
5630841,1,182,2
5630842,1,182,1
5630931,1,182,1
5630932,1,182,2
5632983,1,45,1
5632984,1,45,2
5632985,1,45,3
5632986,1,45,4
5632987,1,45,5
5632988,1,45,6
5632989,1,45,7
5632990,1,45,9
5632991,1,45,8
5632992,1,45,11
5632993,1,45,10
5632994,1,45,12
5632995,1,45,14
5632996,1,45,15
5632997,1,45,17
5632998,1,45,16
5632999,1,8,16
5633000,1,45,19
5633001,1,45,18
5633002,1,45,20
5633003,1,45,13
5633116,1,26,5
5633139,1,26,8
5633142,1,45,1
5633143,1,45,2
5633144,1,45,3
5633145,1,45,4
5633146,1,45,5
5633147,1,45,7
5633148,1,45,6
5633149,1,45,8
5633154,1,26,9
5633158,1,26,11
5633184,1,28,4
5633190,1,26,5
5633204,1,45,1
5633205,1,45,2
5633206,1,45,3
5633207,1,45,4
5633208,1,45,5
5633209,1,45,6
5633210,1,45,7
5633211,1,45,8
5633219,1,26,9
5633223,1,26,11
5634445,1,75,1
5634446,1,65,1
5634447,1,65,15
5634448,1,65,20
5634449,1,65,2
5634450,1,65,3
5634451,1,65,4
5634452,1,65,5
5634453,1,65,6
5634454,1,65,7
5634455,1,65,8
5634456,1,65,9
5634457,1,65,10
5634458,1,65,11
5634459,1,65,12
5634460,1,65,13
5634461,1,65,14
5634462,1,65,16
5634466,1,75,10
5634482,1,75,11
5634504,1,312,20
5634505,1,312,24
5634507,1,312,27
5634526,1,342,11
5634527,1,342,12
5634528,1,342,13
5634560,1,75,21
5634561,1,301,17
5634562,1,75,2
5634563,1,75,3
5634564,1,75,5
5634565,1,75,16
5634566,1,75,4
5634567,1,75,6
5634568,1,75,7
5634569,1,75,8
5634571,1,75,12
5634572,1,75,13
5634573,1,75,17
5634574,1,75,18
5634575,1,75,19
5634576,1,75,24
5634579,1,75,25
5634580,1,75,27
5634581,1,312,21
5634582,1,75,22
5634592,1,75,23
5634611,1,373,7
5634617,1,75,28
5634624,1,41,1
5634625,1,41,2
5634626,1,41,3
5634627,1,41,4
5634628,1,75,20
5634629,1,41,14
5634630,1,41,5
5634632,1,41,7
5634633,1,41,6
5634634,1,41,8
5634635,1,41,9
5634636,1,41,10
5634638,1,41,11
5634639,1,41,12
5634642,1,41,13
5634643,1,41,15
5634644,1,41,16
5634645,1,41,17
5634646,1,41,18
5634648,1,41,19
5634650,1,41,20
5634651,1,41,21
5634652,1,661,3
5634663,1,41,32
5634666,1,312,29
5634670,1,342,14
5634674,1,65,21
5634675,1,65,22
5634680,1,65,24
5634681,1,65,25
5634683,1,75,15
5634684,1,65,18
5634685,1,65,19
5634686,1,65,17
5634687,1,65,23
5634692,1,75,1
5634693,1,75,2
5634694,1,75,3
5634695,1,75,5
5634696,1,75,6
5634697,1,73,3
5634706,1,75,7
5634707,1,75,8
5634720,1,73,1
5634724,1,73,2
5634725,1,75,4
5640727,1,773,2
5640728,1,973,1
5640729,1,773,1
5640730,1,634,1
5640731,1,634,4
5640732,1,634,2
5640733,1,634,3
5640734,1,636,1
5640735,1,640,3
5640736,1,636,3
5640737,1,636,2
5640738,1,636,4
5640739,1,637,1
5640740,1,637,3
5640741,1,637,2
5640742,1,636,5
5640743,1,640,1
5640744,1,640,2
5640745,1,640,5
5640746,1,640,4
5640759,1,773,2
5640760,1,973,1
5640761,1,773,1
5640763,1,634,1
5640764,1,634,2
5640765,1,634,3
5640766,1,634,4
5640767,1,636,1
5640768,1,636,2
5640769,1,640,3
5640770,1,636,3
5640771,1,636,4
5640772,1,637,1
5640773,1,637,2
5640774,1,637,3
5640775,1,636,5
5640776,1,640,4
5640777,1,640,1
5640778,1,640,2
5640779,1,640,5
5640780,1,635,1
5640782,1,930,1
5640783,1,930,2
5640784,1,930,3
5640828,1,773,2
5640829,1,775,2
5640830,1,973,2
5653865,1,111,3
5653866,1,183,3
5653867,1,182,3
5653868,1,111,7
5653869,1,143,9
5653870,1,143,4
5653871,1,179,5
5653872,1,179,6
5653873,1,159,2
5653874,1,183,1
5653875,1,186,2
5653876,1,111,6
5653877,1,111,17
5653878,1,192,1
5653879,1,143,3
5653880,1,159,4
5653881,1,111,14
5653882,1,159,5
5653883,1,111,16
5653884,1,182,2
5653885,1,179,2
5653886,1,177,2
5653887,1,111,12
5653888,1,952,8
5653889,1,186,1
5653890,1,952,6
5653891,1,183,5
5653892,1,179,1
5653893,1,143,8
5653894,1,158,3
5653895,1,159,1
5653896,1,190,10
5653897,1,177,1
5653898,1,159,3
5653899,1,177,6
5653900,1,158,4
5653901,1,952,3
5653902,1,952,7
5653903,1,158,5
5653904,1,190,2
5653905,1,111,1
5653906,1,182,1
5653907,1,183,6
5653908,1,183,4
5653909,1,192,6
5653910,1,111,4
5653911,1,143,11
5653912,1,143,7
5653913,1,190,3
5653914,1,143,1
5653915,1,952,2
5653916,1,143,5
5653917,1,190,7
5653918,1,158,1
5653919,1,190,8
5653920,1,952,1
5653921,1,111,8
5653922,1,111,11
5653923,1,952,4
5653924,1,952,5
5653925,1,177,3
5653926,1,192,2
5653927,1,192,3
5653928,1,182,5
5653929,1,182,4
5653930,1,671,13
5653931,1,671,12
5653932,1,671,7
5653933,1,671,6
5653934,1,671,5
5653935,1,671,4
5653936,1,671,3
5653937,1,671,2
5653938,1,671,1
5653939,1,193,9
5653940,1,193,8
5653941,1,183,8
5653942,1,193,7
5653943,1,193,5
5653944,1,193,4
5653945,1,193,3
5653946,1,193,2
5653947,1,193,1
5653948,1,180,20
5653949,1,180,8
5653950,1,180,7
5653951,1,180,4
5653952,1,180,3
5653953,1,180,2
5653954,1,180,1
5653955,1,178,2
5653956,1,178,4
5653957,1,178,3
5653958,1,178,1
5653959,1,178,8
5653960,1,178,7
5653961,1,178,6
5653962,1,192,5
5653963,1,192,4
5653964,1,186,3
5653965,1,111,15
5653966,1,159,6
5653967,1,179,10
5653968,1,179,9
5653969,1,158,6
5653970,1,179,11
5653971,1,179,13
5653972,1,179,3
5653973,1,181,3
5653974,1,181,6
5653975,1,181,7
5653976,1,676,12
5653977,1,676,10
5653978,1,676,7
5653979,1,676,8
5653980,1,676,6
5653981,1,676,5
5653982,1,676,4
5653983,1,676,3
5653984,1,676,2
5653985,1,676,1
5653986,1,143,10
5653987,1,116,6
5653988,1,111,13
5653989,1,116,7
5653990,1,180,16
5653991,1,197,12
5653992,1,197,6
5653993,1,197,2
5653994,1,197,1
5653995,1,197,4
5653996,1,143,2
5653997,1,179,4
5653998,1,179,12
5653999,1,179,15
5654000,1,190,6
5654001,1,190,1
5654002,1,190,9
5654003,1,190,11
5654004,1,180,5
5654005,1,177,7
5654006,1,178,9
5654007,1,177,9
5654008,1,177,5
5654009,1,197,8
5654010,1,197,5
5654011,1,190,5
5654012,1,143,6
5654013,1,158,2
5654014,1,159,7
5654015,1,111,5
5654016,1,159,8
5654017,1,178,5
5654018,1,177,8
5654019,1,116,8
5654020,1,193,6
5654021,1,676,11
5654022,1,676,9
5654023,1,671,8
5654024,1,671,11
5654025,1,22,1
5654026,1,22,2
5654027,1,105,1
5654028,1,105,2
5654029,1,107,1
5654030,1,107,2
5654031,1,107,4
5654032,1,107,3
5654033,1,107,5
5654034,1,107,6
5654035,1,107,7
5654036,1,107,8
5654037,1,107,9
5654038,1,107,10
5654039,1,107,11
5654040,1,107,14
5654041,1,107,15
5654042,1,107,16
5654043,1,107,17
5654044,1,180,18
5654045,1,154,3
5654046,1,154,1
5654047,1,154,2
5654048,1,156,1
5654049,1,156,2
5654050,1,156,3
5654051,1,156,5
5654052,1,157,1
5654053,1,157,2
5654054,1,157,3
5654055,1,157,4
5654056,1,157,5
5654057,1,157,6
5654058,1,157,7
5654059,1,164,1
5654060,1,164,2
5654061,1,164,3
5654062,1,168,1
5654063,1,168,2
5654064,1,168,3
5654065,1,168,4
5654066,1,166,1
5654067,1,169,1
5654068,1,166,2
5654069,1,166,3
5654070,1,169,2
5654071,1,169,3
5654072,1,169,4
5654073,1,166,4
5654074,1,166,5
5654075,1,169,10
5654076,1,158,10
5654077,1,158,8
5654078,1,158,9
5654079,1,158,7
5654080,1,169,5
5654081,1,169,8
5654082,1,169,7
5654083,1,169,6
5654084,1,169,9
5654085,1,116,1
5654086,1,116,2
5654087,1,116,3
5654088,1,116,4
5654089,1,183,2
5654090,1,183,7
5654091,1,156,4
5654092,1,180,6
5654093,1,180,11
5654094,1,676,15
5654095,1,179,7
5654096,1,168,5
5654097,1,179,8
5654098,1,180,10
5654099,1,180,9
5654100,1,180,12
5654101,1,180,19
5654102,1,180,17
5654103,1,180,15
5654104,1,181,10
5654105,1,180,13
5654106,1,181,5
5654107,1,181,9
5654108,1,181,1
5654109,1,111,2
5654110,1,50,7
5654111,1,50,6
5654112,1,50,5
5654113,1,50,4
5654114,1,50,2
5654115,1,50,3
5654116,1,50,1
5654117,1,50,8
5654118,1,197,3
5654119,1,197,7
5654120,1,177,4
5654121,1,197,9
5654122,1,197,10
5654123,1,50,10
5654124,1,50,9
5654125,1,50,11
5654126,1,111,9
5654127,1,111,10
5654128,1,182,6
5654129,1,118,2
5654130,1,118,1
5654131,1,119,22
5654132,1,118,3
5654133,1,118,5
5654134,1,119,31
5654135,1,118,6
5654136,1,119,21
5654137,1,119,32
5654138,1,116,5
5654139,1,156,6
5654140,1,156,7
5654141,1,111,18
5654142,1,107,12
5654143,1,107,13
5654144,1,671,15
5654145,1,671,14
5654146,1,671,10
5654147,1,190,4
5654148,1,179,14
5654149,1,671,9
5654150,1,197,11
5654151,1,181,4
5654152,1,50,12
5654153,1,181,2
5654154,1,180,14
5654155,1,181,8
5654156,1,50,13
5654157,1,178,10
5654158,1,128,1
5654159,1,128,2
5654160,1,128,5
5654161,1,128,3
5654162,1,128,4
5654163,1,128,6
5654164,1,128,7
5654165,1,128,8
5654166,1,128,9
5654167,1,128,11
5654168,1,128,10
5654169,1,676,13
5654170,1,676,14
5654171,1,676,17
5654172,1,150,2
5654173,1,150,1
5654174,1,101,1
5654175,1,150,3
5654176,1,150,5
5654177,1,150,4
5654178,1,150,14
5654179,1,150,7
5654180,1,150,6
5654181,1,150,8
5654182,1,102,7
5654183,1,101,2
5654184,1,101,4
5654185,1,101,16
5654186,1,101,3
5654187,1,150,9
5654188,1,101,7
5654189,1,101,18
5654190,1,101,6
5654191,1,101,5
5654192,1,150,18
5654193,1,101,8
5654194,1,150,10
5654195,1,150,12
5654196,1,101,10
5654197,1,102,1
5654198,1,102,5
5654199,1,101,17
5654200,1,101,9
5654201,1,150,11
5654202,1,101,15
5654203,1,102,2
5654204,1,101,14
5654205,1,101,11
5654206,1,101,12
5654207,1,101,13
5654208,1,150,13
5654209,1,102,6
5654210,1,102,4
5654211,1,150,15
5654212,1,102,3
5654213,1,150,16
5654214,1,150,17
5654215,1,118,4
5654216,1,676,16
5654217,1,150,21
5654218,1,150,20
5654219,1,150,19
5654224,1,671,1
5654225,1,671,2
5654226,1,671,3
5654227,1,671,4
5654228,1,671,5
5654229,1,671,6
5654230,1,671,7
5654231,1,671,8
5654232,1,671,9
5654233,1,671,10
5654234,1,22,1
5654235,1,105,1
5654236,1,105,2
5654237,1,107,1
5654238,1,107,2
5654239,1,107,3
5654240,1,107,4
5654241,1,107,5
5654242,1,107,6
5654243,1,118,1
5654244,1,156,1
5654245,1,156,2
5654246,1,183,1
5654247,1,183,2
5654248,1,183,6
5654249,1,166,1
5654250,1,166,2
5654251,1,166,3
5654252,1,166,4
5654253,1,166,5
5654254,1,166,6
5654255,1,166,7
5654256,1,166,8
5654257,1,168,2
5654258,1,168,1
5654259,1,180,1
5654260,1,180,2
5654261,1,180,3
5654262,1,180,4
5654263,1,180,5
5654264,1,180,6
5654265,1,180,7
5654266,1,181,1
5654267,1,181,2
5654268,1,181,3
5654269,1,181,4
5654270,1,181,5
5654271,1,182,2
5654272,1,182,1
5654273,1,676,1
5654274,1,676,2
5654275,1,676,3
5654276,1,676,4
5654277,1,676,6
5654278,1,676,9
5654279,1,676,8
5654280,1,676,7
5654281,1,676,5
5654282,1,50,3
5654283,1,50,5
5654284,1,50,1
5654285,1,50,2
5654286,1,50,4
5654287,1,50,6
5654288,1,150,1
5654289,1,150,2
5654290,1,150,3
5654291,1,150,4
5654292,1,101,1
5654293,1,150,6
5654294,1,150,5
5654295,1,150,7
5654296,1,101,2
5654297,1,150,9
5654298,1,150,8
5654299,1,101,3
5654300,1,150,10
5654301,1,101,4
5654302,1,150,11
5654303,1,101,5
5654304,1,150,12
5654305,1,150,14
5654306,1,150,15
5654307,1,150,13
5654308,1,128,12
5654309,1,128,11
5654310,1,128,10
5654311,1,128,9
5654312,1,128,8
5654313,1,128,7
5654314,1,128,6
5654315,1,128,5
5654316,1,128,4
5654317,1,128,3
5654318,1,128,2
5654319,1,128,1
5654320,1,183,3
5654321,1,183,4
5654322,1,183,5
5654323,1,22,2
5654324,1,118,2
5654326,1,107,1
5654327,1,107,2
5654328,1,107,3
5654329,1,107,4
5654330,1,107,5
5654331,1,107,6
5654332,1,107,7
5654333,1,50,1
5654334,1,50,2
5654335,1,22,1
5654336,1,105,2
5654337,1,676,1
5654338,1,169,4
5654339,1,676,2
5654340,1,676,3
5654341,1,676,4
5654342,1,676,6
5654343,1,676,8
5654344,1,676,9
5654345,1,168,1
5654346,1,168,3
5654347,1,168,2
5654348,1,168,4
5654349,1,169,1
5654350,1,169,2
5654351,1,169,3
5654352,1,156,1
5654353,1,156,2
5654354,1,180,1
5654355,1,180,2
5654356,1,180,3
5654357,1,180,4
5654358,1,180,5
5654359,1,180,6
5654360,1,180,7
5654361,1,182,1
5654362,1,182,2
5654363,1,181,1
5654364,1,181,2
5654365,1,181,4
5654366,1,181,3
5654367,1,181,5
5654368,1,180,8
5654369,1,180,9
5654370,1,671,1
5654371,1,671,2
5654372,1,671,3
5654373,1,671,4
5654374,1,671,5
5654375,1,671,6
5654376,1,671,7
5654377,1,671,8
5654378,1,50,4
5654379,1,50,3
5654380,1,50,5
5654381,1,676,5
5654382,1,676,7
5654383,1,671,9
5654384,1,671,10
5654385,1,150,1
5654386,1,150,2
5654387,1,150,7
5654388,1,150,3
5654389,1,150,4
5654390,1,150,5
5654391,1,101,1
5654392,1,101,2
5654393,1,150,6
5654394,1,150,8
5654395,1,101,3
5654396,1,150,9
5654397,1,150,10
5654398,1,150,11
5654399,1,101,4
5654400,1,101,5
5654401,1,150,12
5654402,1,150,14
5654403,1,150,15
5654404,1,150,13
5654405,1,118,1
5654406,1,128,1
5654407,1,128,3
5654408,1,128,2
5654409,1,128,5
5654410,1,128,4
5654411,1,128,6
5654412,1,128,7
5654413,1,128,8
5654414,1,128,9
5654415,1,128,10
5654416,1,128,11
5654417,1,128,12
5654418,1,105,1
5654419,1,22,2
5654420,1,118,2
5654522,1,98,1
5654523,1,98,2
5654524,1,98,1
5654525,1,98,2
5654526,1,96,2
5654527,1,96,6
5654528,1,96,3
5654529,1,96,4
5654530,1,96,5
5654531,1,96,1
5654532,1,96,1
5654533,1,96,2
5654534,1,96,3
5654535,1,96,1
5654536,1,96,2
5654537,1,96,4
5654538,1,96,3
5654539,1,599,5
5654540,1,599,6
5654541,1,599,1
5654542,1,599,8
5654543,1,599,3
5654544,1,599,4
5654545,1,599,2
5654546,1,599,11
5654547,1,599,7
5654548,1,599,13
5654549,1,599,12
5654550,1,599,2
5654551,1,599,3
5654552,1,599,4
5654553,1,599,6
5654554,1,599,5
5654555,1,599,8
5654556,1,599,7
5654557,1,599,1
5654558,1,599,13
5654559,1,599,12
5654560,1,599,11
5654561,1,599,1
5654562,1,599,2
5654563,1,599,3
5654564,1,599,4
5654565,1,599,5
5654566,1,599,6
5654567,1,599,8
5654568,1,599,7
5654569,1,599,11
5654570,1,599,12
5654571,1,599,13
5654572,1,98,1
5654573,1,98,2
5654574,1,98,3
5654575,1,98,1
5654576,1,98,2
5654577,1,98,3
5654593,1,40,5
5654594,1,40,4
5654595,1,40,9
5654596,1,40,8
5654597,1,40,11
5654598,1,40,12
5654599,1,40,13
5654600,1,40,14
5654601,1,5,2
5654602,1,5,3
5654603,1,5,4
5654604,1,5,5
5654605,1,5,6
5654606,1,5,7
5654607,1,5,8
5654608,1,5,9
5654609,1,5,10
5654610,1,5,11
5654611,1,5,12
5654612,1,5,13
5654613,1,5,14
5654614,1,5,17
5654615,1,5,21
5654616,1,5,22
5654617,1,5,23
5654618,1,60,1
5654619,1,60,2
5654620,1,60,3
5654621,1,60,4
5654622,1,60,5
5654623,1,71,1
5654624,1,71,2
5654625,1,71,3
5654626,1,106,1
5654627,1,106,2
5654628,1,106,3
5654629,1,106,4
5654630,1,106,5
5654631,1,106,6
5654632,1,106,7
5654633,1,106,8
5654634,1,106,9
5654635,1,106,10
5654636,1,106,11
5654637,1,5,1
5654638,1,40,17
5654639,1,40,18
5654640,1,11,1
5654641,1,11,2
5654642,1,11,3
5654643,1,11,4
5654644,1,11,5
5654645,1,11,6
5654646,1,5,15
5654647,1,5,18
5654648,1,5,19
5654649,1,5,16
5654650,1,5,20
5654651,1,40,7
5654652,1,40,10
5654653,1,40,6
5654654,1,40,2
5654655,1,40,1
5654656,1,60,6
5654657,1,40,3
5654658,1,40,16
5654659,1,40,15
5654660,1,60,8
5654661,1,60,7
5654662,1,5,2
5654663,1,5,3
5654664,1,5,4
5654665,1,5,5
5654666,1,5,6
5654667,1,5,7
5654668,1,5,8
5654669,1,5,9
5654670,1,5,10
5654671,1,5,11
5654672,1,5,12
5654673,1,5,13
5654674,1,5,14
5654675,1,5,15
5654676,1,5,16
5654677,1,5,17
5654678,1,5,18
5654679,1,5,19
5654680,1,5,20
5654681,1,5,23
5654682,1,5,22
5654683,1,5,24
5654684,1,60,1
5654685,1,60,2
5654686,1,60,3
5654687,1,60,4
5654688,1,60,5
5654689,1,5,1
5654690,1,60,8
5654691,1,5,21
5654692,1,11,1
5654693,1,11,2
5654694,1,11,3
5654695,1,11,5
5654696,1,106,1
5654697,1,106,4
5654698,1,106,3
5654699,1,106,7
5654700,1,106,6
5654701,1,106,8
5654702,1,106,2
5654703,1,106,5
5654704,1,106,10
5654705,1,106,9
5654706,1,106,11
5654707,1,11,4
5654708,1,40,13
5654709,1,40,2
5654710,1,40,1
5654711,1,40,4
5654712,1,40,3
5654713,1,40,5
5654714,1,40,6
5654715,1,40,12
5654716,1,40,8
5654717,1,40,7
5654718,1,40,10
5654719,1,40,14
5654720,1,40,9
5654721,1,40,11
5654722,1,60,7
5654723,1,40,15
5654724,1,5,8
5654725,1,5,2
5654726,1,5,4
5654727,1,5,11
5654728,1,5,10
5654729,1,5,3
5654730,1,5,18
5654731,1,5,6
5654732,1,5,14
5654733,1,18,12
5654734,1,5,5
5654735,1,56,3
5654736,1,15,12
5654737,1,55,12
5654738,1,17,13
5654739,1,980,1
5654740,1,40,30
5654741,1,56,1
5654742,1,18,10
5654743,1,56,2
5654744,1,214,16
5654745,1,43,2
5654746,1,17,1
5654747,1,18,1
5654748,1,40,6
5654749,1,57,9
5654750,1,43,3
5654751,1,15,10
5654752,1,15,13
5654753,1,5,17
5654754,1,17,10
5654755,1,21,3
5654756,1,18,13
5654757,1,5,15
5654758,1,21,11
5654759,1,56,6
5654760,1,56,9
5654761,1,55,2
5654762,1,18,3
5654763,1,56,10
5654764,1,5,12
5654765,1,57,1
5654766,1,21,1
5654767,1,21,5
5654768,1,18,2
5654769,1,17,14
5654770,1,21,12
5654771,1,21,2
5654772,1,17,2
5654773,1,5,38
5654774,1,5,34
5654775,1,17,11
5654776,1,56,4
5654777,1,57,8
5654778,1,15,14
5654779,1,55,13
5654780,1,18,4
5654781,1,56,7
5654782,1,18,11
5654783,1,56,5
5654784,1,55,14
5654785,1,15,2
5654786,1,57,2
5654787,1,18,14
5654788,1,55,1
5654789,1,55,10
5654790,2,5,23
5654791,1,5,35
5654792,1,5,40
5654793,1,15,4
5654794,1,15,5
5654795,1,214,20
5654796,1,214,19
5654797,1,214,18
5654798,1,214,17
5654799,1,214,10
5654800,1,214,15
5654801,1,214,14
5654802,1,214,13
5654803,1,214,12
5654804,1,214,11
5654805,1,214,6
5654806,1,214,4
5654807,1,214,2
5654808,1,5,32
5654809,1,56,12
5654810,1,21,13
5654811,1,21,14
5654812,1,15,15
5654813,1,55,11
5654814,1,5,36
5654815,1,106,1
5654816,1,106,3
5654817,1,106,9
5654818,1,106,10
5654819,1,106,12
5654820,1,106,2
5654821,1,106,5
5654822,1,106,14
5654823,1,106,11
5654824,1,106,6
5654825,1,106,4
5654826,1,106,7
5654827,1,106,8
5654828,1,5,43
5654829,1,55,15
5654830,1,5,22
5654831,1,15,3
5654832,1,17,12
5654833,1,5,26
5654834,1,21,15
5654835,1,106,15
5654836,1,994,1
5654837,1,988,1
5654838,1,71,1
5654839,1,71,2
5654840,1,71,3
5654841,1,5,1
5654842,1,113,2
5654843,1,113,5
5654844,1,5,33
5654845,1,113,6
5654846,1,17,3
5654847,1,60,1
5654848,1,60,2
5654849,1,60,3
5654850,1,60,4
5654851,1,60,6
5654852,1,60,7
5654853,1,60,8
5654854,1,60,9
5654855,1,60,10
5654856,1,60,12
5654857,1,60,15
5654858,1,60,17
5654859,1,60,14
5654860,1,5,30
5654861,1,15,11
5654862,1,60,16
5654863,1,106,13
5654864,1,11,3
5654865,1,11,1
5654866,2,995,1
5654867,1,11,8
5654868,1,11,7
5654869,1,5,39
5654870,1,5,37
5654871,1,55,3
5654872,1,21,4
5654873,1,5,13
5654874,1,987,2
5654875,1,988,2
5654876,1,995,2
5654877,1,214,1
5654878,1,214,5
5654879,1,214,9
5654880,1,214,3
5654881,1,5,25
5654882,1,114,11
5654883,1,114,1
5654884,1,5,7
5654885,1,114,2
5654886,1,114,3
5654887,1,74,5
5654888,1,74,7
5654889,1,114,12
5654890,1,114,7
5654891,1,114,8
5654892,1,114,9
5654893,1,114,10
5654894,1,17,5
5654895,1,55,4
5654896,1,114,6
5654897,1,57,3
5654898,1,77,8
5654899,1,77,9
5654900,1,984,1
5654901,1,77,10
5654902,1,77,11
5654903,1,77,12
5654904,2,987,1
5654905,1,77,1
5654906,1,77,2
5654907,1,77,4
5654908,1,77,5
5654909,1,77,6
5654910,1,77,7
5654911,1,309,1
5654912,1,309,2
5654913,1,309,3
5654914,1,309,4
5654915,1,309,5
5654916,1,309,6
5654917,1,309,7
5654918,1,309,8
5654919,1,5,24
5654920,1,56,13
5654921,1,40,15
5654922,1,113,3
5654923,1,57,4
5654924,1,5,21
5654925,1,21,7
5654926,1,55,5
5654927,1,57,10
5654928,1,57,11
5654929,1,113,4
5654930,1,5,19
5654931,1,15,16
5654932,1,5,27
5654933,1,5,20
5654934,1,5,16
5654935,1,113,7
5654936,1,40,29
5654937,1,214,7
5654938,1,214,8
5654939,1,40,1
5654940,1,40,4
5654941,1,40,36
5654942,1,40,2
5654943,1,40,41
5654944,1,40,3
5654945,1,40,21
5654946,1,40,8
5654947,1,40,5
5654948,1,40,35
5654949,1,40,10
5654950,1,40,7
5654951,1,40,13
5654952,1,60,5
5654953,1,40,9
5654954,1,40,34
5654955,1,40,11
5654956,1,40,17
5654957,1,40,12
5654958,1,40,19
5654959,1,40,33
5654960,1,40,14
5654961,1,40,43
5654962,1,40,16
5654963,1,40,45
5654964,1,40,22
5654965,1,40,18
5654966,1,40,24
5654967,1,40,40
5654968,1,40,20
5654969,1,40,25
5654970,1,40,23
5654971,1,994,2
5654972,1,40,26
5654973,1,40,31
5654974,1,40,37
5654975,1,40,38
5654976,1,40,46
5654977,1,40,39
5654978,1,40,48
5654979,1,40,32
5654980,1,60,13
5654981,1,60,11
5654982,1,18,5
5654983,1,17,4
5654984,1,21,6
5654985,1,21,16
5654986,1,15,6
5654987,1,5,41
5654988,1,40,44
5654989,1,40,27
5654990,1,15,1
5654991,1,11,5
5654992,1,77,3
5654993,1,5,9
5654994,1,56,11
5654995,1,40,47
5654996,1,40,42
5654997,1,11,2
5654998,1,11,4
5654999,1,5,42
5655000,1,17,9
5655001,1,74,1
5655002,1,74,2
5655003,1,74,3
5655004,1,74,4
5655005,1,74,6
5655006,1,74,8
5655007,1,74,9
5655008,1,74,11
5655009,1,74,12
5655010,1,74,13
5655011,1,74,14
5655012,1,74,15
5655013,1,74,16
5655014,1,74,17
5655015,1,40,28
5655016,1,74,10
5655017,1,5,28
5655018,1,106,16
5655019,1,5,29
5655020,1,11,6
5655021,1,5,31
5655023,1,75,1
5655024,1,65,1
5655025,1,65,15
5655026,1,65,20
5655027,1,65,2
5655028,1,65,3
5655029,1,65,4
5655030,1,65,5
5655031,1,65,6
5655032,1,65,7
5655033,1,65,8
5655034,1,65,9
5655035,1,65,10
5655036,1,65,11
5655037,1,65,12
5655038,1,65,14
5655039,1,65,13
5655040,1,65,16
5655041,1,312,16
5655042,1,373,2
5655043,2,301,3
5655044,1,75,10
5655045,2,301,1
5655046,2,301,2
5655047,1,301,4
5655048,1,301,5
5655049,1,301,7
5655050,1,301,8
5655051,2,301,9
5655052,1,301,10
5655053,1,301,11
5655054,1,301,12
5655055,2,301,13
5655056,2,301,14
5655057,2,301,16
5655058,1,301,17
5655059,2,301,20
5655060,1,304,1
5655061,1,304,2
5655062,1,661,2
5655063,1,304,4
5655064,1,304,5
5655065,1,304,6
5655066,1,304,7
5655067,1,312,1
5655068,2,312,2
5655069,2,312,4
5655070,1,312,5
5655071,1,312,6
5655072,2,312,7
5655073,1,312,9
5655074,1,312,8
5655075,2,312,10
5655076,1,661,1
5655077,1,312,12
5655078,2,312,11
5655079,2,312,14
5655080,1,312,17
5655081,2,312,18
5655082,1,312,22
5655083,1,312,20
5655083,2,312,20
5655084,1,312,24
5655084,2,312,24
5655085,1,312,26
5655086,1,312,27
5655086,2,312,27
5655087,1,312,30
5655088,1,316,1
5655089,1,316,2
5655090,1,316,3
5655091,1,316,4
5655092,1,316,5
5655093,1,316,6
5655094,1,316,12
5655095,1,316,9
5655096,1,330,1
5655097,1,331,1
5655098,1,331,2
5655099,1,331,3
5655100,1,331,4
5655101,1,331,6
5655102,1,331,7
5655103,1,331,8
5655104,1,331,9
5655105,1,342,11
5655106,1,342,12
5655107,1,342,13
5655108,1,342,15
5655109,1,346,1
5655110,1,346,2
5655111,1,346,3
5655112,1,346,4
5655113,1,346,5
5655114,1,346,6
5655115,1,372,1
5655116,1,372,3
5655117,1,372,4
5655118,1,372,5
5655119,1,372,6
5655120,1,372,8
5655121,1,372,9
5655122,1,372,16
5655123,1,372,17
5655124,1,372,18
5655125,1,372,19
5655126,1,372,20
5655127,1,372,22
5655128,1,372,23
5655129,1,661,10
5655130,1,661,11
5655131,1,661,12
5655132,1,373,3
5655133,1,73,1
5655134,1,73,2
5655135,1,73,3
5655136,1,373,5
5655137,2,301,6
5655138,1,304,3
5655139,1,75,20
5655140,1,301,18
5655140,2,301,18
5655141,1,75,2
5655142,1,75,3
5655143,1,75,5
5655144,1,75,15
5655145,1,75,4
5655146,1,75,6
5655147,1,75,7
5655148,1,75,8
5655149,1,75,9
5655150,1,75,11
5655151,1,75,12
5655152,1,75,14
5655153,1,75,16
5655154,1,75,17
5655155,1,75,18
5655156,1,75,23
5655157,1,75,25
5655158,1,78,1
5655159,1,75,24
5655160,1,75,26
5655161,1,312,21
5655161,2,312,21
5655162,1,65,19
5655163,1,65,18
5655164,1,75,21
5655165,1,316,11
5655166,1,372,24
5655167,1,75,13
5655168,1,316,8
5655169,1,372,10
5655170,1,372,13
5655171,1,372,14
5655172,1,372,15
5655173,1,331,10
5655174,1,75,22
5655175,1,331,12
5655176,1,331,11
5655177,1,331,5
5655178,1,312,15
5655179,1,355,1
5655180,1,355,11
5655181,1,355,2
5655182,1,355,13
5655183,1,355,3
5655184,1,355,8
5655185,1,355,7
5655186,1,355,4
5655187,1,355,12
5655188,1,355,5
5655189,1,355,9
5655190,1,355,6
5655191,1,355,10
5655192,1,316,7
5655193,1,373,7
5655194,1,373,6
5655195,1,373,9
5655196,1,373,1
5655197,1,373,8
5655198,1,373,4
5655199,1,75,27
5655200,1,312,19
5655201,1,372,11
5655202,1,372,12
5655203,1,372,2
5655204,1,312,3
5655205,1,312,13
5655206,1,41,1
5655207,1,41,2
5655208,1,41,3
5655209,1,41,4
5655210,1,75,19
5655211,1,41,14
5655212,1,41,5
5655213,1,41,37
5655214,1,41,7
5655215,1,41,6
5655216,1,41,8
5655217,1,41,9
5655218,2,41,10
5655219,2,41,35
5655220,1,41,11
5655221,1,41,12
5655222,1,41,28
5655223,1,316,10
5655224,1,41,13
5655225,1,41,15
5655226,1,41,16
5655227,1,41,17
5655228,1,41,19
5655229,2,301,19
5655230,1,41,18
5655231,1,41,20
5655232,1,41,30
5655233,1,41,21
5655234,1,41,22
5655235,2,661,3
5655236,1,65,22
5655237,1,41,29
5655238,1,312,28
5655239,2,41,36
5655240,1,41,26
5655241,1,41,25
5655242,2,41,34
5655243,1,41,31
5655244,1,41,23
5655245,1,41,27
5655246,1,41,33
5655246,2,41,33
5655247,1,41,32
5655248,1,41,24
5655249,1,312,29
5655249,2,312,29
5655250,1,312,25
5655251,1,346,7
5655252,2,41,40
5655253,1,342,14
5655254,1,312,23
5655255,1,65,17
5655256,1,65,24
5655257,1,372,7
5655258,1,372,21
5655259,1,65,21
5655260,1,65,23
5655261,1,301,15
5655262,1,41,41
5655263,2,41,38
5655264,2,41,39
5655265,1,65,25
5655266,1,65,26
5655268,1,372,1
5655269,1,372,2
5655270,1,372,4
5655271,1,372,3
5655272,1,75,1
5655273,1,75,2
5655274,1,75,3
5655275,1,75,5
5655276,1,75,6
5655277,1,73,2
5655278,1,73,3
5655279,1,331,1
5655280,1,331,3
5655281,1,331,4
5655282,1,331,5
5655283,1,331,7
5655284,1,331,8
5655285,1,331,9
5655286,1,331,10
5655287,1,75,7
5655288,1,75,8
5655289,1,331,6
5655290,1,331,2
5655291,1,41,2
5655292,1,41,1
5655293,1,41,13
5655294,1,41,4
5655295,1,41,5
5655296,1,41,3
5655297,1,41,7
5655298,1,41,8
5655299,1,41,9
5655300,1,41,10
5655301,1,73,1
5655302,1,65,1
5655303,1,65,2
5655304,1,65,3
5655305,1,65,4
5655306,1,75,4
5655307,1,65,5
5655308,1,65,6
5655309,1,65,7
5655310,1,65,8
5655311,1,65,9
5655312,1,65,13
5655313,1,65,11
5655314,1,41,6
5655315,1,65,10
5655316,1,65,12
5655317,1,41,11
5655318,1,41,12
5655320,1,75,12
5655321,1,75,4
5655322,1,75,3
5655323,1,75,8
5655324,1,75,1
5655325,1,75,7
5655326,1,75,2
5655327,1,75,9
5655328,1,75,11
5655329,1,75,10
5655330,1,75,5
5655331,1,65,7
5655332,1,65,8
5655333,1,75,6
5655334,1,73,1
5655335,1,73,2
5655336,1,73,3
5655337,1,331,1
5655338,1,331,2
5655339,1,331,3
5655340,1,331,4
5655341,1,331,5
5655342,1,331,6
5655343,1,331,8
5655344,1,331,9
5655345,1,346,1
5655346,1,346,2
5655347,1,346,3
5655348,1,346,4
5655349,1,346,5
5655350,1,346,6
5655351,1,372,1
5655352,1,372,2
5655353,1,372,3
5655354,1,372,4
5655355,1,372,5
5655356,1,65,3
5655357,1,65,1
5655358,1,65,2
5655359,1,65,14
5655360,1,372,6
5655361,1,41,1
5655362,1,41,11
5655363,1,41,3
5655364,1,41,2
5655365,1,41,7
5655366,1,41,9
5655367,1,41,10
5655368,1,65,13
5655369,1,41,8
5655370,1,41,6
5655371,1,41,4
5655372,1,41,5
5655373,1,65,6
5655374,1,65,5
5655375,1,65,9
5655376,1,65,4
5655377,1,331,7
5655378,1,41,12
5655379,1,65,11
5655380,1,65,10
5655381,1,331,10
5655382,1,65,12
5655720,1,248,7
5655721,1,248,5
5655722,1,248,6
5655723,1,248,2
5655724,1,248,1
5655725,1,248,3
5655726,1,248,4
5655727,1,234,2
5655728,1,235,1
5655729,1,234,1
5655730,1,235,2
5655731,1,271,2
5655732,1,271,3
5655733,1,271,4
5655734,1,271,5
5655735,1,271,6
5655736,1,271,7
5655737,1,271,1
5655738,1,221,1
5655739,1,249,2
5655740,1,249,3
5655741,1,249,1
5655742,1,245,5
5655743,1,245,4
5655744,1,245,3
5655745,1,245,2
5655746,1,221,2
5655747,1,245,1
5655748,1,221,3
5655749,1,226,1
5655750,1,226,2
5655751,1,226,3
5655752,1,240,4
5655753,1,240,2
5655754,1,240,5
5655755,1,240,1
5655756,1,240,3
5655757,1,240,6
5655758,1,248,2
5655759,1,248,3
5655760,1,248,4
5655761,1,248,5
5655762,1,248,6
5655763,1,248,7
5655764,1,248,1
5655765,1,271,5
5655766,1,271,6
5655767,1,271,3
5655768,1,271,1
5655769,1,271,7
5655770,1,271,4
5655771,1,235,1
5655772,1,235,2
5655773,1,234,1
5655774,1,234,2
5655775,1,221,1
5655776,1,221,2
5655777,1,221,3
5655778,1,221,4
5655779,1,249,2
5655780,1,249,3
5655781,1,249,1
5655782,1,240,4
5655783,1,240,3
5655784,1,240,2
5655785,1,240,1
5655786,1,245,2
5655787,1,245,3
5655788,1,245,4
5655789,1,245,1
5655790,1,245,5
5655791,1,226,1
5655792,1,226,2
5655793,1,226,3
5655794,1,226,4
5655795,1,226,5
5655796,1,226,6
5655797,1,269,2
5655798,1,269,1
5655799,1,269,3
5655800,1,269,4
5655801,1,240,6
5655802,1,221,5
5655803,1,240,5
5655804,1,208,1
5655805,1,271,2
5655806,1,271,1
5655807,1,271,11
5655808,1,234,2
5655809,1,234,5
5655810,1,234,4
5655811,1,235,1
5655812,1,235,2
5655813,1,235,3
5655814,1,234,1
5655815,1,271,3
5655816,1,221,3
5655817,1,271,7
5655818,1,232,2
5655819,1,269,3
5655820,1,234,3
5655821,1,232,5
5655822,1,240,3
5655823,1,232,6
5655824,1,232,7
5655825,1,236,11
5655826,1,271,28
5655827,2,232,1
5655828,1,240,6
5655829,1,269,1
5655830,1,277,1
5655831,1,271,4
5655832,1,271,5
5655833,1,271,6
5655834,1,277,2
5655835,1,269,4
5655836,1,277,3
5655837,1,237,1
5655838,1,271,18
5655839,1,277,4
5655840,1,269,5
5655841,1,221,2
5655842,1,221,4
5655843,1,243,6
5655844,1,243,7
5655845,1,232,3
5655846,1,248,2
5655847,1,248,3
5655848,1,248,1
5655849,2,886,1
5655850,1,271,26
5655851,1,271,10
5655852,1,271,16
5655853,1,269,2
5655854,1,240,12
5655855,1,245,3
5655856,1,271,2
5655857,1,208,1
5655858,1,249,2
5655859,1,249,3
5655860,1,249,4
5655861,1,249,6
5655862,1,249,1
5655863,1,894,1
5655864,1,891,1
5655865,1,246,2
5655866,1,246,1
5655867,1,342,1
5655868,1,244,1
5655869,1,243,8
5655870,1,245,1
5655871,1,245,2
5655872,1,245,5
5655873,1,245,4
5655874,1,245,7
5655875,1,245,6
5655876,1,245,8
5655877,1,245,11
5655878,1,245,12
5655879,1,235,5
5655880,1,226,6
5655881,1,221,1
5655882,1,271,21
5655883,1,240,1
5655884,2,889,1
5655885,1,240,2
5655886,1,240,5
5655887,1,240,10
5655888,1,238,1
5655889,1,236,5
5655890,1,236,4
5655891,1,236,10
5655892,1,236,7
5655893,1,236,6
5655894,1,236,3
5655895,1,236,2
5655896,1,236,1
5655897,1,236,8
5655898,1,887,1
5655899,1,271,9
5655900,1,243,1
5655901,1,271,15
5655902,1,243,2
5655903,1,243,3
5655904,1,243,4
5655905,1,249,7
5655906,1,249,5
5655907,1,271,19
5655908,1,271,14
5655909,1,221,6
5655910,1,271,13
5655911,1,221,5
5655912,1,236,9
5655913,1,237,3
5655914,1,269,9
5655915,2,981,1
5655916,1,245,18
5655917,1,226,1
5655918,1,226,2
5655919,1,226,3
5655920,1,226,4
5655921,1,226,5
5655922,1,245,13
5655923,1,271,22
5655924,1,226,10
5655925,1,235,4
5655926,1,277,8
5655927,1,240,7
5655928,1,245,10
5655929,1,245,9
5655930,1,245,14
5655931,1,240,13
5655932,1,226,7
5655933,1,226,8
5655934,1,226,9
5655935,1,271,8
5655936,1,269,6
5655937,1,271,25
5655938,1,271,20
5655939,1,243,5
5655940,1,271,23
5655941,1,271,17
5655942,1,240,4
5655943,1,240,8
5655944,1,240,15
5655945,1,240,17
5655946,1,240,18
5655947,1,240,11
5655948,1,240,16
5655949,1,240,14
5655950,1,245,15
5655951,1,245,17
5655952,1,245,16
5655953,1,200,1
5655954,1,200,2
5655955,1,271,27
5655956,1,271,24
5655957,1,237,2
5655958,1,240,9
5655959,1,893,1
5655960,1,269,7
5655961,1,232,4
5655962,1,271,12
5655963,1,277,5
5655964,1,277,6
5655965,1,277,7
5655966,1,269,8
5655967,1,522,1
5655968,1,522,2
5655969,1,522,3
5655970,1,522,4
5655971,1,522,5
5655972,1,522,6
5655973,1,545,1
5655974,1,545,2
5655975,1,545,3
5655976,1,545,4
5655977,1,545,5
5655978,1,545,6
5655979,1,550,3
5655980,1,550,2
5655981,1,554,4
5655982,1,554,5
5655983,1,672,1
5655984,1,672,2
5655985,1,672,3
5655986,1,672,4
5655987,1,672,5
5655988,1,672,6
5655989,1,672,8
5655990,1,522,7
5655991,1,672,7
5655992,1,255,1
5655993,1,255,2
5655994,1,255,3
5655995,1,545,7
5655996,1,550,1
5655997,1,554,1
5655998,1,550,4
5655999,1,550,6
5656000,1,550,7
5656001,1,550,8
5656002,1,550,5
5656003,1,554,2
5656004,1,554,3
5656005,1,255,4
5656006,1,255,5
5656007,1,255,6
5656008,1,550,9
5656009,1,255,7
5656010,1,542,1
5656011,1,542,3
5656012,1,542,2
5656013,1,542,4
5656014,1,522,1
5656015,1,522,2
5656016,1,522,3
5656017,1,522,4
5656018,1,522,5
5656019,1,522,6
5656020,1,522,7
5656021,1,545,1
5656022,1,545,2
5656023,1,545,3
5656024,1,545,4
5656025,1,545,5
5656026,1,545,6
5656027,1,554,1
5656028,1,550,2
5656029,1,554,4
5656030,1,672,1
5656031,1,672,2
5656032,1,672,3
5656033,1,672,4
5656034,1,672,5
5656035,1,672,6
5656036,1,672,7
5656037,1,255,1
5656038,1,255,2
5656039,1,255,3
5656040,1,255,4
5656041,1,550,1
5656042,1,554,2
5656043,1,550,3
5656044,1,255,5
5656045,1,255,6
5656046,1,550,4
5656047,1,554,3
5656048,1,554,5
5656049,1,550,5
5656050,1,255,7
5656051,1,542,2
5656052,1,542,1
5656053,1,542,3
5656054,1,542,4
5656055,1,887,2
5656056,1,216,5
5656057,1,824,2
5656058,1,989,2
5656059,1,257,3
5656060,1,268,5
5656061,1,823,2
5656062,1,218,10
5656063,1,246,10
5656064,1,252,1
5656065,1,255,6
5656066,1,252,6
5656067,1,257,2
5656068,1,268,2
5656069,1,252,3
5656070,1,212,1
5656071,1,212,3
5656072,1,212,8
5656073,1,216,2
5656074,1,216,3
5656075,1,216,6
5656076,1,216,7
5656077,1,216,8
5656078,1,218,14
5656079,1,212,18
5656080,1,217,1
5656081,1,218,15
5656082,1,218,18
5656083,1,216,1
5656084,1,219,2
5656085,1,219,3
5656086,1,219,4
5656087,1,219,6
5656088,1,219,1
5656089,1,212,7
5656090,1,252,2
5656091,1,255,1
5656092,2,986,1
5656093,1,255,2
5656094,1,255,3
5656095,1,255,4
5656096,1,255,7
5656097,1,255,13
5656098,1,219,5
5656099,1,255,9
5656100,1,218,3
5656101,2,982,1
5656102,1,218,4
5656103,1,255,8
5656104,1,311,1
5656105,1,311,3
5656106,1,255,24
5656107,1,311,7
5656108,1,311,8
5656109,1,311,9
5656110,1,311,5
5656111,1,255,11
5656112,1,888,2
5656113,1,886,2
5656114,1,216,4
5656115,1,218,7
5656116,1,212,20
5656117,1,218,13
5656118,1,218,1
5656119,1,218,9
5656120,1,218,6
5656121,1,212,10
5656122,1,255,5
5656123,1,255,12
5656124,1,891,2
5656125,1,892,2
5656126,1,894,2
5656127,1,893,2
5656128,1,895,2
5656129,1,982,2
5656130,1,986,2
5656131,1,257,1
5656132,1,672,1
5656133,1,672,2
5656134,1,672,3
5656135,1,672,4
5656136,1,672,6
5656137,1,672,7
5656138,1,672,9
5656139,1,672,11
5656140,1,672,12
5656141,1,672,14
5656142,1,672,15
5656143,1,672,13
5656144,1,672,16
5656145,1,672,17
5656146,1,672,18
5656147,1,216,9
5656148,1,311,2
5656149,1,311,4
5656150,1,218,11
5656151,1,672,10
5656152,1,672,5
5656153,1,672,8
5656154,1,268,1
5656155,1,889,2
5656156,1,268,3
5656157,1,895,1
5656158,1,255,10
5656159,1,252,7
5656160,1,218,16
5656161,1,217,2
5656162,1,252,5
5656163,1,268,6
5656164,1,311,10
5656165,1,989,1
5656166,1,255,16
5656167,1,255,30
5656168,1,255,29
5656169,1,255,27
5656170,1,255,31
5656171,1,255,25
5656172,1,255,23
5656173,1,255,28
5656174,1,255,26
5656175,1,255,19
5656176,1,255,33
5656177,1,255,22
5656178,1,311,11
5656179,1,255,32
5656180,1,255,21
5656181,1,554,1
5656182,1,522,1
5656183,1,554,2
5656184,1,522,2
5656185,1,550,1
5656186,1,554,3
5656187,1,545,1
5656188,1,545,2
5656189,1,550,2
5656190,1,550,3
5656191,1,550,4
5656192,1,522,3
5656193,1,545,3
5656194,1,545,4
5656195,1,550,5
5656196,1,545,5
5656197,1,550,6
5656198,1,545,6
5656199,1,550,7
5656200,1,554,4
5656201,1,522,4
5656202,1,545,7
5656203,1,542,1
5656204,1,545,8
5656205,1,522,5
5656206,1,550,9
5656207,1,554,5
5656208,1,522,6
5656209,1,554,6
5656210,1,550,10
5656211,1,542,3
5656212,1,522,7
5656213,1,545,10
5656214,1,545,11
5656215,1,545,12
5656216,1,550,11
5656217,1,550,12
5656218,1,542,4
5656219,1,545,14
5656220,1,554,7
5656221,1,556,1
5656222,1,522,8
5656223,1,545,16
5656224,1,550,15
5656225,1,542,5
5656226,1,545,17
5656227,1,545,18
5656228,1,545,19
5656229,1,522,10
5656230,1,550,16
5656231,1,554,9
5656232,1,556,2
5656233,1,554,10
5656234,1,542,6
5656235,1,522,11
5656236,1,545,23
5656237,1,545,24
5656238,1,556,3
5656239,1,554,12
5656240,1,550,18
5656241,1,545,25
5656242,1,550,19
5656243,1,522,12
5656244,1,542,8
5656245,1,522,14
5656246,1,545,26
5656247,1,556,4
5656248,1,550,20
5656249,1,545,27
5656250,1,545,29
5656251,1,522,15
5656252,1,545,30
5656253,1,522,16
5656254,1,522,17
5656255,1,545,31
5656256,1,545,32
5656257,1,522,18
5656258,1,545,33
5656259,1,550,23
5656260,1,550,22
5656261,1,545,34
5656262,1,545,35
5656263,1,522,19
5656264,1,545,36
5656265,1,556,5
5656266,1,545,37
5656267,1,545,38
5656268,1,550,25
5656269,1,554,14
5656270,1,556,6
5656271,1,545,39
5656272,1,550,30
5656273,1,522,21
5656274,1,522,22
5656275,1,556,7
5656276,1,545,41
5656277,1,550,33
5656278,1,550,35
5656279,1,545,42
5656280,1,556,8
5656281,1,522,26
5656282,1,556,9
5656283,1,212,4
5656284,1,212,5
5656285,1,212,6
5656286,1,212,9
5656287,1,212,11
5656288,1,212,12
5656289,1,212,14
5656290,1,212,17
5656291,1,212,19
5656292,1,212,21
5656293,1,212,22
5656294,1,212,23
5656295,1,212,24
5656296,1,212,25
5656297,1,212,26
5656298,1,212,27
5656299,1,212,29
5656300,1,212,28
5656301,1,212,30
5656302,1,212,31
5656303,1,212,32
5656304,1,550,17
5656305,1,545,20
5656306,1,545,22
5656307,1,545,43
5656308,1,522,25
5656309,1,522,9
5656310,1,522,24
5656311,1,542,10
5656312,1,542,11
5656313,1,542,12
5656314,1,542,9
5656315,1,542,7
5656316,1,542,13
5656317,1,554,8
5656318,1,554,11
5656319,1,212,13
5656320,1,824,1
5656321,1,888,1
5656322,1,823,1
5656323,1,892,1
5656324,1,311,6
5656325,1,212,15
5656326,1,212,16
5656327,1,268,4
5656328,1,255,20
5656329,1,218,5
5656330,1,255,17
5656331,1,218,2
5656332,1,255,14
5656333,1,212,2
5656334,1,212,33
5656335,1,255,15
5656336,1,554,15
5656337,1,554,16
5656338,1,554,13
5656339,1,550,14
5656340,1,550,13
5656341,1,545,21
5656342,1,550,24
5656343,1,550,28
5656344,1,550,31
5656345,1,550,27
5656346,1,545,13
5656347,1,545,9
5656348,1,545,28
5656349,1,522,20
5656350,1,545,40
5656351,1,545,15
5656352,1,522,23
5656353,1,255,18
5656354,1,218,8
5656355,1,252,4
5656356,1,218,12
5656357,1,218,17
5656358,1,255,34
5656359,1,522,13
5656360,1,542,2
5656361,1,550,26
5656362,1,550,21
5656363,1,550,29
5656364,1,550,36
5656365,1,550,32
5656366,1,550,34
5656367,1,550,8
5656382,1,888,60
5656383,1,823,60
5656384,1,824,60
5656385,1,887,60
5656386,1,889,60
5656387,1,886,60
5656388,1,893,60
5656389,1,895,60
5656927,1,914,2
5656928,1,914,1
5656929,1,914,3
5656930,1,917,1
5656931,1,910,1
5656932,1,908,1
5656933,1,915,1
5656934,1,906,1
5656935,1,906,2
5656936,1,903,2
5656937,1,903,1
5656938,1,204,1
5656940,1,930,1
5656941,1,930,2
5656942,1,930,3
5656943,1,917,1
5656944,1,914,1
5656945,1,914,2
5656946,1,914,3
5656947,1,910,1
5656948,1,908,1
5656949,1,913,1
5656950,1,913,3
5656951,1,913,4
5656952,1,931,2
5656953,1,931,3
5656954,1,931,4
5656955,1,931,7
5656956,1,931,8
5656957,1,931,1
5656958,1,975,1
5656959,1,975,2
5656960,1,906,1
5656961,1,906,2
5656962,1,931,6
5656963,1,931,5
5656964,1,628,1
5656965,1,628,2
5656966,1,628,4
5656967,1,628,5
5656968,1,628,6
5656969,1,630,2
5656970,1,630,3
5656971,1,630,4
5656972,1,630,5
5656973,1,630,6
5656974,1,630,1
5656975,1,631,1
5656976,1,628,3
5656977,1,915,1
5656978,1,915,2
5656979,1,973,1
5656980,1,907,1
5656981,1,907,2
5656983,1,913,2
5656984,1,773,1
5656985,1,775,1
5656986,1,930,4
5656987,1,930,5
5656988,1,930,6
5656989,1,629,1
5656990,1,629,2
5656991,1,204,2
5656992,1,204,1
5656993,1,204,3
5656994,1,224,1
5656995,1,635,1
5656996,1,635,2
5656997,1,627,1
5656998,1,906,10
5656999,1,906,11
5657000,1,906,12
5657001,1,906,13
5657002,1,635,3
5657003,1,903,1
5657004,1,903,2
5657005,1,903,3
5657006,1,903,4
5657007,1,903,6
5657008,1,903,5
5657010,1,773,2
5657011,1,775,2
5657012,1,973,2
5657013,1,903,1
5657014,1,903,2
5657954,1,167,3
5657955,1,167,4
5657956,1,167,2
5657957,1,37,2
5657958,1,37,1
5657959,1,37,3
5657960,1,27,7
5657961,1,37,6
5657962,1,37,4
5657963,1,37,5
5657964,1,121,1
5657965,1,123,6
5657966,1,121,2
5657967,1,123,1
5657968,1,121,8
5657969,1,121,3
5657970,1,122,2
5657971,1,121,9
5657972,1,48,4
5657973,1,123,4
5657974,1,122,3
5657975,1,122,6
5657976,1,121,12
5657977,2,121,6
5657978,2,123,3
5657979,1,121,7
5657980,2,123,5
5657981,1,26,14
5657982,1,121,4
5657983,1,121,5
5657984,1,29,1
5657985,1,29,12
5657986,1,29,10
5657987,1,29,2
5657988,1,29,8
5657989,1,29,3
5657990,1,29,11
5657991,1,29,4
5657992,1,29,9
5657993,1,29,5
5657994,1,29,7
5657995,1,48,3
5657996,1,48,6
5657997,1,48,9
5657998,1,48,11
5657999,1,48,12
5658000,1,48,15
5658001,1,26,1
5658002,1,28,8
5658003,1,122,1
5658004,1,28,10
5658005,1,28,1
5658006,1,28,24
5658007,1,28,2
5658008,1,26,2
5658009,1,28,4
5658010,1,28,3
5658011,1,28,30
5658012,1,26,4
5658013,1,26,3
5658014,1,28,5
5658015,1,28,7
5658016,1,26,5
5658017,1,26,6
5658018,1,26,7
5658019,1,26,8
5658020,1,26,10
5658021,1,28,26
5658022,1,28,11
5658023,1,26,11
5658024,1,28,13
5658025,1,26,16
5658026,1,28,15
5658027,1,28,25
5658028,1,26,13
5658029,1,26,17
5658030,1,28,28
5658031,1,28,19
5658032,1,28,21
5658033,1,64,5
5658034,1,64,9
5658035,1,64,6
5658036,1,64,7
5658037,1,64,4
5658038,1,64,3
5658039,1,62,2
5658040,1,62,3
5658041,1,64,1
5658042,1,62,4
5658043,1,62,5
5658044,1,62,6
5658045,1,62,7
5658046,1,64,2
5658047,1,62,8
5658048,1,62,1
5658049,1,62,9
5658050,1,62,11
5658051,1,62,12
5658052,1,62,13
5658053,1,62,16
5658054,1,62,17
5658055,1,62,21
5658056,1,64,8
5658057,1,62,22
5658058,1,62,24
5658059,1,62,25
5658060,1,28,29
5658061,1,19,2
5658062,1,19,3
5658063,1,19,4
5658064,1,124,1
5658065,1,124,2
5658066,1,124,3
5658067,1,124,5
5658068,1,124,4
5658069,1,124,7
5658070,1,124,8
5658071,1,124,9
5658072,1,124,15
5658073,1,27,6
5658074,1,27,1
5658075,1,124,6
5658076,1,27,2
5658077,1,27,3
5658078,1,124,10
5658079,1,124,11
5658080,1,27,4
5658081,1,28,14
5658082,1,124,16
5658083,1,124,17
5658084,1,124,21
5658085,1,124,22
5658086,1,48,8
5658087,1,9,1
5658088,1,9,2
5658089,1,9,3
5658090,1,9,6
5658091,1,9,7
5658092,1,9,8
5658093,1,9,9
5658094,1,9,5
5658095,1,63,1
5658096,1,63,2
5658097,1,63,6
5658098,1,63,3
5658099,1,63,7
5658100,1,63,5
5658101,1,124,20
5658102,1,124,12
5658103,1,124,14
5658104,1,124,18
5658105,1,27,5
5658106,1,124,19
5658107,1,124,13
5658108,1,19,1
5658109,1,27,8
5658110,1,62,18
5658111,1,303,1
5658112,1,303,2
5658113,1,303,3
5658114,1,303,4
5658115,1,303,5
5658116,1,303,6
5658117,1,303,7
5658118,2,303,8
5658119,1,48,16
5658120,1,303,9
5658121,1,303,11
5658122,1,303,10
5658123,1,29,13
5658124,1,29,6
5658125,1,26,12
5658126,1,28,17
5658127,1,62,15
5658128,1,63,8
5658129,1,303,13
5658130,1,122,7
5658131,1,45,1
5658132,1,45,2
5658133,1,45,3
5658134,1,45,4
5658135,1,45,5
5658136,1,45,6
5658137,1,45,7
5658138,1,45,9
5658139,1,45,8
5658140,1,45,11
5658141,1,45,10
5658142,1,45,12
5658143,1,45,14
5658144,1,45,15
5658145,1,45,17
5658146,1,45,16
5658147,1,8,16
5658148,1,45,19
5658149,1,45,18
5658150,1,45,20
5658151,1,45,13
5658152,1,26,9
5658153,1,62,10
5658154,1,123,7
5658155,1,48,17
5658156,1,62,19
5658157,1,28,9
5658158,1,48,5
5658159,1,48,7
5658160,1,48,10
5658161,1,48,14
5658162,1,48,18
5658163,1,62,14
5658164,1,28,18
5658165,1,48,1
5658166,1,48,2
5658167,1,48,13
5658168,1,28,12
5658169,1,28,27
5658170,1,62,20
5658171,1,24,1
5658172,1,76,1
5658173,1,76,2
5658174,1,76,3
5658175,1,76,4
5658176,1,76,5
5658177,1,76,6
5658178,1,76,7
5658179,1,76,8
5658180,1,76,9
5658181,1,76,10
5658182,1,76,11
5658183,1,76,12
5658184,1,76,13
5658185,1,63,9
5658186,1,24,2
5658187,1,9,4
5658188,1,303,12
5658189,1,64,10
5658190,1,308,4
5658191,1,308,1
5658192,1,308,5
5658193,1,308,2
5658194,1,308,3
5658195,1,28,16
5658196,1,28,20
5658197,2,121,10
5658198,1,122,4
5658199,1,121,11
5658200,1,121,13
5658201,1,123,2
5658202,1,121,14
5658203,1,62,23
5658204,1,63,4
5658205,1,8,1
5658206,1,8,3
5658207,1,8,2
5658208,1,8,4
5658209,1,8,5
5658210,1,8,7
5658211,1,8,8
5658212,1,8,15
5658213,1,8,6
5658214,1,8,9
5658215,1,8,10
5658216,1,8,17
5658217,1,8,11
5658218,1,8,13
5658219,1,8,12
5658220,1,8,14
5658221,1,122,5
5658222,1,167,1
5658223,1,125,2
5658224,1,125,7
5658225,1,125,1
5658226,1,125,3
5658227,1,125,4
5658228,1,125,5
5658229,1,125,6
5658230,1,28,23
5658231,1,26,15
5658232,1,28,22
5658233,1,28,6
5658235,1,124,6
5658236,1,124,5
5658237,1,124,10
5658238,1,124,9
5658239,1,33,1
5658240,1,124,12
5658241,1,27,1
5658242,1,124,1
5658243,1,124,2
5658244,1,27,3
5658245,1,124,3
5658246,1,124,4
5658247,1,124,7
5658248,1,124,8
5658249,1,48,4
5658250,1,48,5
5658251,1,48,6
5658252,1,48,8
5658253,1,48,10
5658254,1,48,9
5658255,1,28,7
5658256,1,28,1
5658257,1,28,2
5658258,1,26,2
5658259,1,26,6
5658260,1,28,6
5658261,1,28,5
5658262,1,26,1
5658263,1,28,4
5658264,1,26,5
5658265,1,26,4
5658266,1,26,3
5658267,1,28,3
5658268,1,26,7
5658269,1,8,1
5658270,1,8,2
5658271,1,8,3
5658272,1,8,4
5658273,1,8,5
5658274,1,8,6
5658275,1,8,7
5658276,1,62,1
5658277,1,62,2
5658278,1,62,3
5658279,1,62,4
5658280,1,62,6
5658281,1,62,5
5658282,1,62,7
5658283,1,62,8
5658284,1,62,9
5658285,1,62,10
5658286,1,62,11
5658287,1,26,8
5658288,1,27,2
5658289,1,124,13
5658290,1,45,1
5658291,1,45,2
5658292,1,45,3
5658293,1,45,4
5658294,1,45,5
5658295,1,45,7
5658296,1,45,6
5658297,1,45,8
5658298,1,8,10
5658299,1,26,13
5658300,1,48,11
5658301,1,26,14
5658302,1,26,9
5658303,1,26,10
5658304,1,26,15
5658305,1,26,12
5658306,1,26,11
5658307,1,48,2
5658308,1,48,3
5658309,1,48,1
5658310,1,48,7
5658311,1,125,1
5658312,1,125,2
5658313,1,125,3
5658314,1,28,8
5658315,1,124,14
5658316,1,8,8
5658317,1,8,9
5658319,1,124,1
5658320,1,124,3
5658321,1,124,2
5658322,1,124,8
5658323,1,124,6
5658324,1,124,4
5658325,1,124,5
5658326,1,124,7
5658327,1,48,6
5658328,1,48,7
5658329,1,28,6
5658330,1,28,7
5658331,1,28,5
5658332,1,28,4
5658333,1,28,2
5658334,1,28,1
5658335,1,28,3
5658336,1,26,6
5658337,1,26,7
5658338,1,26,5
5658339,1,26,4
5658340,1,26,3
5658341,1,26,2
5658342,1,26,1
5658343,1,62,1
5658344,1,62,2
5658345,1,62,3
5658346,1,62,4
5658347,1,62,5
5658348,1,62,6
5658349,1,62,8
5658350,1,62,10
5658351,1,26,8
5658352,1,45,1
5658353,1,45,2
5658354,1,45,3
5658355,1,45,4
5658356,1,45,5
5658357,1,45,6
5658358,1,45,7
5658359,1,45,8
5658360,1,8,1
5658361,1,8,3
5658362,1,8,4
5658363,1,8,5
5658364,1,8,6
5658365,1,8,7
5658366,1,26,10
5658367,1,26,9
5658368,1,28,8
5658369,1,28,9
5658370,1,26,12
5658371,1,26,11
5658372,1,8,2
5658373,1,48,1
5658374,1,48,3
5658375,1,48,4
5658376,1,27,1
5658377,1,27,2
5658378,1,27,3
5658379,1,27,5
5658380,1,27,4
5658381,1,62,7
5658382,1,62,9
5658383,1,62,11
5658384,1,27,6
5658385,1,125,1
5658386,1,125,2
5658387,1,125,3
5658388,1,48,2
5658389,1,48,5
5658391,1,12,1
5658392,1,12,2
5658393,1,12,3
5658394,1,12,5
5658395,1,12,4
5658396,1,12,6
5658397,1,12,7
5658398,1,12,8
5658399,1,12,9
5658400,1,12,10
5658401,1,36,1
5658402,1,36,2
5658403,1,36,3
5658404,1,36,6
5658405,1,36,8
5658406,1,36,9
5658407,1,36,10
5658408,1,36,11
5658409,1,36,12
5658410,1,36,13
5658411,1,36,14
5658412,1,36,17
5658413,1,36,19
5658414,1,36,21
5658415,1,36,23
5658416,1,36,4
5658417,1,36,7
5658418,1,10,1
5658419,1,10,10
5658420,1,10,2
5658421,1,10,3
5658422,1,10,4
5658423,1,10,6
5658424,1,10,7
5658425,1,10,8
5658426,1,10,9
5658427,1,36,20
5658428,1,36,15
5658429,1,36,16
5658430,1,36,22
5658431,1,2,2
5658432,1,2,1
5658433,1,2,3
5658434,1,2,4
5658435,1,2,5
5658436,1,2,6
5658437,1,2,7
5658438,1,2,8
5658439,1,2,10
5658440,1,2,9
5658441,1,2,11
5658442,1,2,13
5658443,1,2,15
5658444,1,2,17
5658445,1,2,19
5658446,1,2,12
5658447,1,2,16
5658448,1,70,1
5658449,1,44,1
5658450,1,36,18
5658451,1,36,5
5658452,1,44,5
5658453,1,44,9
5658454,1,44,10
5658455,1,44,13
5658456,1,44,2
5658457,1,44,3
5658458,1,44,4
5658459,1,44,6
5658460,1,44,7
5658461,1,44,8
5658462,1,44,11
5658463,1,44,14
5658464,1,44,15
5658465,1,44,16
5658466,1,44,17
5658467,1,44,18
5658468,1,44,19
5658469,1,7,31
5658470,1,7,33
5658471,1,7,26
5658472,1,7,30
5658473,1,7,29
5658474,1,7,32
5658475,1,7,23
5658476,1,7,28
5658477,1,7,25
5658478,1,7,24
5658479,1,7,21
5658480,1,7,22
5658481,1,7,18
5658482,1,7,19
5658483,1,7,20
5658484,1,7,15
5658485,1,7,13
5658486,1,7,14
5658487,1,7,12
5658488,1,7,11
5658489,1,7,10
5658490,1,7,9
5658491,1,7,7
5658492,1,7,6
5658493,1,7,8
5658494,1,7,4
5658495,1,7,3
5658496,1,7,2
5658497,1,7,5
5658498,1,7,17
5658499,1,7,1
5658500,1,7,27
5658501,1,2,20
5658502,1,7,16
5658503,1,70,2
5658504,1,70,3
5658505,1,70,5
5658506,1,70,6
5658507,1,70,7
5658508,1,70,8
5658509,1,70,9
5658510,1,70,10
5658511,1,70,12
5658512,1,70,13
5658513,1,47,3
5658514,1,47,2
5658515,1,47,1
5658516,1,70,17
5658517,1,70,18
5658518,1,70,4
5658519,1,70,14
5658520,1,70,21
5658521,1,70,22
5658522,1,70,11
5658523,1,70,15
5658524,1,70,19
5658525,1,10,5
5658526,1,70,16
5658527,1,70,20
5658528,1,675,12
5658529,1,675,15
5658530,1,675,1
5658531,1,675,2
5658532,1,675,4
5658533,1,675,5
5658534,1,675,10
5658535,1,675,14
5658536,1,675,16
5658537,1,675,18
5658538,1,675,20
5658539,1,675,22
5658540,1,675,23
5658541,1,675,25
5658542,1,675,26
5658543,1,675,27
5658544,1,675,29
5658545,1,675,33
5658546,1,675,37
5658547,1,675,40
5658548,1,675,42
5658549,1,675,45
5658550,1,675,3
5658551,1,675,17
5658552,1,675,34
5658553,1,120,1
5658554,1,120,2
5658555,1,120,3
5658556,1,120,5
5658557,1,120,6
5658558,1,120,7
5658559,1,120,8
5658560,1,120,9
5658561,1,120,10
5658562,1,120,24
5658563,1,120,11
5658564,1,120,12
5658565,1,120,13
5658566,1,120,14
5658567,1,120,15
5658568,1,120,16
5658569,1,120,17
5658570,1,120,18
5658571,1,120,19
5658572,1,120,20
5658573,1,120,21
5658574,1,120,22
5658575,1,120,23
5658576,1,120,26
5658577,1,120,28
5658578,1,120,29
5658579,1,120,31
5658580,1,120,33
5658581,1,120,34
5658582,1,120,36
5658583,1,120,27
5658584,1,2,14
5658585,1,2,18
5658586,1,3,1
5658587,1,3,2
5658588,1,3,3
5658589,1,3,4
5658590,1,3,6
5658591,1,3,22
5658592,1,3,8
5658593,1,3,7
5658594,1,3,9
5658595,1,3,10
5658596,1,3,11
5658597,1,3,12
5658598,1,3,13
5658599,1,3,14
5658600,1,3,15
5658601,1,3,16
5658602,1,3,17
5658603,1,3,18
5658604,1,3,20
5658605,1,3,21
5658606,1,3,23
5658607,1,3,24
5658608,1,3,25
5658609,1,3,26
5658610,1,3,5
5658611,1,1,1
5658612,1,1,2
5658613,1,1,3
5658614,1,1,4
5658615,1,1,5
5658616,1,1,6
5658617,1,1,7
5658618,1,1,9
5658619,1,1,8
5658620,1,1,11
5658621,1,1,12
5658622,1,3,19
5658623,1,120,4
5658624,1,675,6
5658625,1,675,8
5658626,1,675,13
5658627,1,675,19
5658628,1,675,7
5658629,1,675,11
5658630,1,675,32
5658631,1,675,9
5658632,1,675,21
5658633,1,675,24
5658634,1,675,41
5658635,1,675,31
5658636,1,675,44
5658637,1,675,47
5658638,1,675,35
5658639,1,675,36
5658640,1,675,39
5658641,1,675,30
5658642,1,675,43
5658643,1,675,38
5658644,1,675,28
5658645,1,675,46
5658646,1,674,32
5658647,1,674,1
5658648,1,674,2
5658649,1,674,3
5658650,1,674,4
5658651,1,674,5
5658652,1,674,6
5658653,1,674,7
5658654,1,674,8
5658655,1,674,9
5658656,1,674,10
5658657,1,674,11
5658658,1,674,12
5658659,1,674,13
5658660,1,674,14
5658661,1,674,15
5658662,1,674,16
5658663,1,674,17
5658664,1,674,18
5658665,1,674,19
5658666,1,674,20
5658667,1,674,21
5658668,1,674,22
5658669,1,674,23
5658670,1,674,24
5658671,1,674,25
5658672,1,674,26
5658673,1,674,27
5658674,1,674,28
5658675,1,674,29
5658676,1,674,30
5658677,1,674,31
5658678,1,120,32
5658679,1,120,35
5658680,1,120,30
5658681,1,120,25
5658682,1,673,48
5658683,1,673,1
5658684,1,673,2
5658685,1,673,4
5658686,1,673,5
5658687,1,673,6
5658688,1,673,7
5658689,1,673,32
5658690,1,673,8
5658691,1,673,9
5658692,1,673,10
5658693,1,673,11
5658694,1,673,12
5658695,1,673,13
5658696,1,673,15
5658697,1,673,16
5658698,1,673,49
5658699,1,673,17
5658700,1,673,19
5658701,1,673,18
5658702,1,673,20
5658703,1,673,21
5658704,1,673,22
5658705,1,673,23
5658706,1,673,24
5658707,1,673,25
5658708,1,673,26
5658709,1,673,27
5658710,1,673,50
5658711,1,673,28
5658712,1,673,30
5658713,1,673,31
5658714,1,673,33
5658715,1,673,34
5658716,1,673,35
5658717,1,673,36
5658718,1,673,37
5658719,1,673,38
5658720,1,673,40
5658721,1,673,41
5658722,1,673,42
5658723,1,673,43
5658724,1,673,44
5658725,1,673,45
5658726,1,673,46
5658727,1,673,47
5658728,1,673,3
5658729,1,673,14
5658730,1,673,29
5658731,1,673,39
5658732,1,1,10
5658733,1,44,12
5658735,1,12,2
5658736,1,12,3
5658737,1,12,4
5658738,1,12,1
5658739,1,47,1
5658740,1,7,1
5658741,1,7,2
5658742,1,7,3
5658743,1,7,4
5658744,1,7,5
5658745,1,7,6
5658746,1,7,7
5658747,1,7,8
5658748,1,7,9
5658749,1,7,11
5658750,1,7,10
5658751,1,7,12
5658752,1,7,13
5658753,1,7,15
5658754,1,7,14
5658755,1,7,16
5658756,1,7,17
5658757,1,7,18
5658758,1,7,19
5658759,1,7,20
5658760,1,7,21
5658761,1,44,1
5658762,1,44,2
5658763,1,44,3
5658764,1,44,4
5658765,1,44,5
5658766,1,44,6
5658767,1,44,7
5658768,1,44,8
5658769,1,44,9
5658770,1,36,1
5658771,1,36,2
5658772,1,36,3
5658773,1,36,4
5658774,1,36,5
5658775,1,36,6
5658776,1,36,10
5658777,1,36,11
5658778,1,10,1
5658779,1,10,2
5658780,1,10,3
5658781,1,10,4
5658782,1,36,7
5658783,1,36,8
5658784,1,36,9
5658785,1,2,2
5658786,1,2,4
5658787,1,2,5
5658788,1,2,6
5658789,1,2,8
5658790,1,2,9
5658791,1,1,1
5658792,1,1,2
5658793,1,1,4
5658794,1,1,6
5658795,1,1,5
5658796,1,1,7
5658797,1,3,7
5658798,1,3,8
5658799,1,3,9
5658800,1,3,6
5658801,1,3,5
5658802,1,3,3
5658803,1,3,2
5658804,1,3,1
5658805,1,3,4
5658806,1,3,10
5658807,1,1,3
5658808,1,2,3
5658809,1,2,7
5658810,1,2,1
5658811,1,70,1
5658812,1,70,2
5658813,1,70,3
5658814,1,70,4
5658815,1,70,5
5658816,1,70,6
5658817,1,70,7
5658818,1,120,1
5658819,1,120,2
5658820,1,120,3
5658821,1,120,4
5658822,1,120,10
5658823,1,120,7
5658824,1,120,11
5658825,1,673,1
5658826,1,673,2
5658827,1,673,3
5658828,1,673,4
5658829,1,673,5
5658830,1,673,6
5658831,1,673,7
5658832,1,673,8
5658833,1,673,9
5658834,1,673,10
5658835,1,673,11
5658836,1,673,12
5658837,1,673,13
5658838,1,673,14
5658839,1,673,15
5658840,1,673,16
5658841,1,674,1
5658842,1,674,2
5658843,1,674,3
5658844,1,674,4
5658845,1,674,5
5658846,1,674,6
5658847,1,674,7
5658848,1,674,8
5658849,1,674,9
5658850,1,674,10
5658851,1,674,11
5658852,1,674,12
5658853,1,674,13
5658854,1,674,14
5658855,1,674,15
5658856,1,674,16
5658857,1,674,17
5658858,1,675,1
5658859,1,675,2
5658860,1,675,3
5658861,1,675,4
5658862,1,675,5
5658863,1,675,6
5658864,1,675,7
5658865,1,675,8
5658866,1,675,9
5658867,1,675,10
5658868,1,675,11
5658869,1,675,12
5658870,1,675,13
5658871,1,675,14
5658872,1,675,15
5658873,1,675,17
5658874,1,120,6
5658875,1,120,9
5658876,1,120,8
5658877,1,120,5
5658878,1,120,12
5658880,1,12,1
5658881,1,47,1
5658882,1,12,2
5658883,1,7,1
5658884,1,7,2
5658885,1,7,3
5658886,1,7,4
5658887,1,7,5
5658888,1,7,6
5658889,1,7,7
5658890,1,7,8
5658891,1,7,9
5658892,1,7,10
5658893,1,7,11
5658894,1,7,12
5658895,1,7,13
5658896,1,7,14
5658897,1,7,15
5658898,1,7,16
5658899,1,7,17
5658900,1,7,18
5658901,1,7,19
5658902,1,7,20
5658903,1,36,1
5658904,1,36,2
5658905,1,36,3
5658906,1,36,4
5658907,1,36,5
5658908,1,36,6
5658909,1,36,7
5658910,1,36,8
5658911,1,36,9
5658912,1,10,1
5658913,1,10,2
5658914,1,10,3
5658915,1,10,4
5658916,1,1,1
5658917,1,1,2
5658918,1,1,3
5658919,1,1,4
5658920,1,1,5
5658921,1,2,1
5658922,1,2,2
5658923,1,2,3
5658924,1,2,4
5658925,1,3,1
5658926,1,3,2
5658927,1,3,3
5658928,1,3,4
5658929,1,3,5
5658930,1,3,6
5658931,1,3,7
5658932,1,3,8
5658933,1,3,9
5658934,1,70,1
5658935,1,70,2
5658936,1,70,3
5658937,1,70,4
5658938,1,70,5
5658939,1,70,8
5658940,1,70,6
5658941,1,70,7
5658942,1,120,1
5658943,1,120,2
5658944,1,120,3
5658945,1,120,9
5658946,1,120,4
5658947,1,120,6
5658948,1,120,8
5658949,1,120,10
5658950,1,120,16
5658951,1,120,15
5658952,1,673,1
5658953,1,673,2
5658954,1,673,3
5658955,1,673,4
5658956,1,673,5
5658957,1,673,6
5658958,1,673,7
5658959,1,673,8
5658960,1,673,9
5658961,1,673,10
5658962,1,673,11
5658963,1,673,12
5658964,1,673,13
5658965,1,673,14
5658966,1,674,1
5658967,1,674,2
5658968,1,674,3
5658969,1,674,4
5658970,1,674,5
5658971,1,674,6
5658972,1,674,7
5658973,1,674,8
5658974,1,674,9
5658975,1,675,1
5658976,1,675,2
5658977,1,675,3
5658978,1,675,5
5658979,1,675,9
5658980,1,675,10
5658981,1,675,11
5658982,1,675,12
5658983,1,675,13
5658984,1,675,14
5658985,1,674,10
5658986,1,674,11
5658987,1,70,10
5658988,1,70,9
5658989,1,44,1
5658990,1,44,2
5658991,1,44,3
5658992,1,44,4
5658993,1,44,5
5658994,1,44,6
5658995,1,44,7
5658996,1,120,7
5658997,1,120,5
5658998,1,120,12
5658999,1,120,11
5659000,1,120,14
5659001,1,120,13
5659002,1,675,7
5659003,1,675,8
5659004,1,675,4
5659005,1,675,6
